13.8214;-0.6;47.3;0;0;0;0.699999;8.46386e-07;20;-0.699999;8.46386e-07;
1,0,0.0,1,0.-2,-5,-20.22;13;0;
0,0,1.1,0,0.-2,-5,-20.40;22;0;
0,0,1.0,1,0.20,-5,-20.40;13;0;
0,1,0.1,0,0.-2,5,20.3;22;0;
0,1,0.1,0,0.-2,-5,20.10;12;0;
0,1,0.1,0,0.17,-5,20.10;3;0;
1,0,0.0,0,1.-2,8,-20.22;40;0;
0,1,0.0,0,1.-2,5,-20.3;40;0;
0,1,0.0,0,1.-2,-5,-20.10;2;0;
0,1,0.0,0,1.-2,-5,-9.10;29;0;
0,0,1.1,0,0.10,-5,20.29;7;0;
0,0,1.0,1,0.17,-5,20.29;10;0;
1,0,0.0,0,1.10,5,20.7;29;0;
0,0,1.0,1,0.-12,-9,49.11;14;0;
0,0,1.0,1,0.-12,-9,60.1;8;0;
0,0,1.0,1,0.-12,-9,61.1;7;0;
0,0,1.0,1,0.-12,-9,62.1;6;0;
0,0,1.0,1,0.-12,-9,63.1;5;0;
0,0,1.0,1,0.-12,-9,64.1;4;0;
0,0,1.0,1,0.-12,-9,65.1;3;0;
0,0,1.0,1,0.-12,-9,66.1;2;0;
0,0,1.0,1,0.-12,-9,67.1;1;0;
0,1,0.0,0,1.-37,-17,71.5;1;0;
0,0,1.0,1,0.-12,-12,49.22;1;0;
0,1,0.0,0,1.-37,-17,69.6;2;0;
0,0,1.0,1,0.-12,-11,49.21;1;0;
0,1,0.0,0,1.-37,-11,69.1;1;0;
0,0,1.0,1,0.-12,-10,49.20;1;0;
0,0,1.0,1,0.-12,-17,49.27;1;0;
0,1,0.0,0,1.-37,-17,72.4;1;0;
0,1,0.1,0,0.-37,-16,75.1;9;1;
0,1,0.1,0,0.-21,-16,75.1;9;1;
0,1,0.1,0,0.-28,-16,72.1;1;1;
0,1,0.1,0,0.-22,-16,72.1;1;1;
0,1,0.1,0,0.-27,-16,71.1;1;1;
0,1,0.1,0,0.-23,-16,71.1;1;1;
1,0,0.0,0,1.-27,-16,71.5;1;1;
0,1,0.0,0,1.-22,-16,71.1;1;1;
0,0,1.1,0,0.-27,-15,71.1;5;1;
0,0,1.0,1,0.-27,-16,71.1;1;1;
0,0,1.0,1,0.-12,-16,74.1;1;0;
0,1,0.0,0,1.-37,-16,74.1;1;0;
0,0,1.0,1,0.-12,-16,73.1;2;0;
0,1,0.0,0,1.-37,-16,73.2;1;0;
1,0,0.0,0,1.-37,-16,75.25;1;1;
0,1,0.0,0,1.-37,-17,73.1;3;0;
0,1,0.1,0,0.-37,-17,76.1;25;1;
0,1,0.1,0,0.-37,-8,67.1;9;1;
0,1,0.1,0,0.-21,-8,67.1;9;1;
0,1,0.1,0,0.-37,-7,66.1;9;1;
0,1,0.1,0,0.-21,-7,66.1;9;1;
0,1,0.1,0,0.-37,-6,65.1;25;1;
1,0,0.0,0,1.-37,-6,65.25;1;1;
0,1,0.1,0,0.-37,-5,64.1;25;1;
1,0,0.0,0,1.-37,-5,64.25;1;1;
0,1,0.1,0,0.-37,-4,63.1;25;1;
1,0,0.0,0,1.-37,-4,63.25;1;1;
1,0,0.0,0,1.-37,-3,62.25;1;1;
0,1,0.1,0,0.-37,0,78.28;25;0;
0,1,0.0,0,1.-37,-3,61.1;1;0;
1,0,0.0,0,1.-37,-2,61.25;1;1;
0,1,0.1,0,0.-37,-3,62.1;25;1;
0,0,1.0,1,0.-12,0,60.18;5;0;
0,1,0.0,0,1.-37,-3,60.2;1;0;
0,1,0.1,0,0.-37,-1,60.1;25;1;
1,0,0.0,0,1.-37,-1,60.25;1;1;
0,0,1.1,0,0.-37,0,60.18;25;0;
0,1,0.1,0,0.-37,-2,61.1;25;1;
0,1,0.1,0,0.10,-5,49.10;7;0;
0,1,0.0,0,1.10,-5,20.10;29;0;
0,1,0.0,0,1.-37,-9,39.1;29;0;
0,1,0.0,0,1.-37,-8,39.1;28;0;
0,1,0.0,0,1.-37,-7,39.1;27;0;
0,1,0.0,0,1.-37,-5,39.1;25;0;
0,1,0.0,0,1.-37,-4,39.1;24;0;
0,1,0.0,0,1.-37,0,39.28;39;0;
0,1,0.0,0,1.-37,-3,39.3;21;0;
0,1,0.0,0,1.-37,-17,39.8;30;0;
0,0,1.0,1,0.-12,-17,39.10;22;0;
1,0,0.0,0,1.-37,28,-20.25;98;0;
0,0,1.0,1,0.-12,-17,-20.13;9;0;
0,0,1.0,1,0.-21,-7,-20.11;1;0;
0,0,1.0,1,0.-29,-6,-10.1;1;0;
0,0,1.0,1,0.-12,-5,-20.2;10;0;
0,0,1.0,1,0.-12,-5,-9.48;10;0;
0,0,1.1,0,0.-12,-5,-18.9;10;0;
0,1,0.1,0,0.-12,-5,-9.10;10;0;
1,0,0.0,0,1.-12,5,-18.10;9;0;
1,0,0.0,1,0.-12,-5,-18.10;10;0;
0,0,1.0,1,0.-12,5,-20.98;23;0;
1,0,0.0,1,0.-37,-17,-20.25;9;0;
1,0,0.0,1,0.-37,-5,-20.25;33;0;
0,0,1.1,0,0.-15,-5,-20.13;3;0;
1,0,0.0,1,0.-37,-8,-20.22;1;0;
0,0,1.1,0,0.-21,-5,-20.12;6;0;
1,0,0.0,0,1.-21,-7,-20.6;11;0;
1,0,0.0,0,1.-21,-6,-9.6;1;0;
1,0,0.0,1,0.-21,-7,-9.6;1;0;
1,0,0.0,1,0.-37,-7,-20.16;1;0;
0,0,1.1,0,0.-29,-5,-20.11;8;0;
1,0,0.0,1,0.-29,-6,-9.8;1;0;
1,0,0.0,0,1.-29,-6,-20.8;11;0;
0,1,0.0,0,1.-37,-17,-20.11;59;0;
0,1,0.0,0,1.-37,-5,-20.33;59;0;
0,1,0.0,0,1.-37,-6,-10.1;75;0;
0,0,1.1,0,0.-37,-5,-20.10;8;0;
1,0,0.0,1,0.-37,-6,-10.8;1;0;
1,0,0.0,0,1.-37,-6,-20.8;10;0;
0,0,1.1,0,0.-37,-17,-20.96;25;2;
0,0,1.0,1,0.-12,-17,-7.46;12;0;
0,0,1.0,1,0.-21,-6,-9.1;1;0;
1,0,0.0,1,0.-21,-6,-8.6;1;0;
0,0,1.0,1,0.-15,-6,-8.1;1;0;
0,0,1.0,1,0.-15,-7,-9.2;1;0;
1,0,0.0,0,1.-15,-8,-20.3;12;0;
1,0,0.0,0,1.-15,-7,-8.3;1;0;
0,0,1.0,1,0.-12,-8,-8.1;1;0;
1,0,0.0,1,0.-15,-8,-8.3;1;0;
0,0,1.0,1,0.-15,-8,-20.12;1;0;
1,0,0.0,1,0.-15,-7,-7.3;2;0;
1,0,0.0,0,1.-37,-7,66.9;1;1;
1,0,0.0,0,1.-21,-7,66.9;1;1;
1,0,0.0,0,1.-37,-8,67.9;1;1;
1,0,0.0,0,1.-21,-8,67.9;1;1;
0,0,1.0,1,0.-21,-9,68.12;1;1;
0,1,0.0,0,1.-28,-9,68.1;12;1;
0,0,1.0,1,0.-21,-8,67.13;1;1;
0,1,0.0,0,1.-28,-8,67.1;13;1;
0,0,1.0,1,0.-21,-7,66.14;1;1;
0,1,0.0,0,1.-28,-7,66.1;14;1;
0,1,0.1,0,0.-37,-9,68.1;9;1;
0,1,0.1,0,0.-21,-9,68.1;9;1;
1,0,0.0,0,1.-37,-9,68.9;1;1;
1,0,0.0,0,1.-21,-9,68.9;1;1;
0,0,1.0,1,0.-21,-10,69.11;1;1;
0,1,0.0,0,1.-28,-10,69.1;11;1;
0,1,0.1,0,0.-37,-10,69.1;9;1;
0,1,0.1,0,0.-21,-10,69.1;9;1;
1,0,0.0,0,1.-37,-10,69.9;1;1;
1,0,0.0,0,1.-21,-10,69.9;1;1;
0,0,1.0,1,0.-21,-11,70.10;1;1;
0,1,0.0,0,1.-28,-11,70.1;10;1;
0,1,0.1,0,0.-37,-11,70.1;9;1;
0,1,0.1,0,0.-21,-11,70.1;9;1;
1,0,0.0,0,1.-37,-11,70.9;1;1;
1,0,0.0,0,1.-21,-11,70.9;1;1;
0,0,1.0,1,0.-21,-12,71.9;1;1;
0,1,0.0,0,1.-28,-12,71.1;9;1;
1,0,0.0,0,1.-37,-12,71.9;1;1;
1,0,0.0,0,1.-21,-12,71.9;1;1;
0,0,1.0,1,0.-21,-13,72.8;1;1;
0,1,0.0,0,1.-28,-13,72.1;8;1;
0,1,0.1,0,0.-37,-12,71.1;9;1;
0,1,0.1,0,0.-21,-12,71.1;9;1;
0,1,0.1,0,0.-37,-13,72.1;9;1;
0,1,0.1,0,0.-21,-13,72.1;9;1;
1,0,0.0,0,1.-37,-13,72.9;1;1;
1,0,0.0,0,1.-21,-13,72.9;1;1;
0,0,1.0,1,0.-21,-14,73.7;1;1;
0,1,0.0,0,1.-28,-14,73.1;7;1;
0,1,0.1,0,0.-37,-14,73.1;9;1;
0,1,0.1,0,0.-21,-14,73.1;9;1;
1,0,0.0,0,1.-37,-14,73.9;1;1;
1,0,0.0,0,1.-21,-14,73.9;1;1;
0,0,1.0,1,0.-21,-15,74.6;1;1;
0,1,0.0,0,1.-28,-15,74.1;6;1;
0,1,0.1,0,0.-37,-15,74.1;9;1;
0,1,0.1,0,0.-21,-15,74.1;9;1;
1,0,0.0,0,1.-37,-15,74.9;1;1;
1,0,0.0,0,1.-21,-15,74.9;1;1;
0,1,0.1,0,0.-28,-15,97.9;7;1;
0,0,1.0,1,0.-21,-15,80.17;9;1;
1,0,0.0,0,1.-28,-6,66.7;31;1;
0,1,0.0,0,1.-28,-15,80.9;17;1;
1,0,0.0,0,1.-28,-16,72.7;3;1;
0,1,0.0,0,1.-21,-16,72.1;3;1;
0,0,1.1,0,0.-28,-15,72.18;7;1;
0,0,1.1,0,0.-28,-15,96.1;7;1;
0,0,1.1,0,0.-28,-15,90.6;1;1;
0,0,1.1,0,0.-22,-15,90.6;1;1;
0,0,1.1,0,0.-27,-15,90.6;5;4;
0,0,1.0,1,0.-28,-16,72.3;1;1;
0,0,1.0,1,0.-26,-16,70.1;1;1;
0,1,0.0,0,1.-23,-16,70.1;1;1;
1,0,0.0,0,1.-26,-16,70.3;1;1;
0,0,1.1,0,0.-26,-15,70.1;3;1;
0,1,0.1,0,0.-26,-16,70.1;3;1;
0,0,1.0,1,0.-12,-16,49.24;3;0;
0,0,1.0,1,0.-12,-13,49.23;1;0;
0,0,1.0,1,0.-12,-13,49.23;1;0;
0,0,1.0,1,0.-12,-13,49.23;1;0;
